19371
40919
80919
151197
280351
314863
370034
498431
581154
701395
931513
1049074
1156034
1355030
1522835
1833739
1927578
2123764
2403406
2668293
2995934
3146075
3487301
3728421
4078603
4450776
4664026
5787637
5679163
5806503
6206467
6680923
7139137
7576062
8320342
8556317
9477637
9539689
9710094
10547934
10922400
11133028
11397319
11769227
13374664
12962617
13712860
14580640
14687640
15427346
15934536
17265523
17206812
17807071
18282525
20168524
19861617
20904904
21683203
22267212
23048144
25215006
24937835
26210965
28829947
27471892
28654175
28195766
29445791
32108495
31726445
32360340
33312331
34693393
36712120
37373473
37807506
40458767
40639737
41239876
43683820
44023997
45085763
48054372
47228729
49158976
52349911
52257895
55781590
55224967
56172153
55551276
55623755
55950335
57792521
59001400
58787119
60628454
61699506
62014830
