14706
39451
71722
117554
204123
240531
356313
518927
601832
677059
785379
997883
1134232
1285897
1501646
1712366
1851784
2077895
2229372
2492760
2754701
3151335
3305672
3658111
4045484
4116234
4437777
4880691
5315890
5710092
6118394
7099806
6815365
7169423
7435543
7853754
8337005
9577337
9385406
10230844
10350738
10714297
11860631
14034744
12140641
13142730
13497691
14425577
15831198
16270341
17052229
17466677
17701065
18746923
19458393
21716021
21211659
21809150
22535344
22839687
24494862
25523057
25679622
25979899
27580730
28038281
30073387
29928086
30412967
31274100
34260341
35309227
36273300
36753039
39500316
38370242
39347607
40426689
40004422
40803402
42949229
41830280
42278759
44403490
44792481
46786973
47302106
47548640
49252264
51058994
50930683
53075206
53615655
54875373
56536195
59100763
61176974
61200979
63252487
63550255
