5397
9026
15853
20321
25835
31987
38002
54187
55385
74528
71071
88971
110766
91154
132384
131775
147326
162055
137172
136914
157403
142260
189085
156434
163568
174114
179101
193037
196912
211036
212525
229236
239344
265410
267123
260019
287440
275921
277074
294369
296393
308182
317722
325416
331833
335373
335090
358314
360884
378559
390991
487177
406087
418179
423267
433605
443050
449122
470099
471655
486744
496014
492933
507725
518741
525565
525080
558478
572364
564870
595589
578826
612846
600938
603019
652843
627106
642753
660117
660328
665113
725660
674504
682843
696090
708890
718703
775444
766149
734957
787792
769964
759593
767855
815106
799730
821207
824921
851027
841467
