8737
21750
34755
52456
78481
124625
149508
173271
365537
339014
369843
429657
522045
703821
656133
716007
863212
863886
1011901
1083383
1538325
1732987
1402729
1537641
1783485
1890944
1988599
2170106
2524814
2589346
2475287
2922045
2733942
2966488
3959423
3733428
3913071
3878466
3976170
4061463
4562047
5151379
4412428
4348551
4552886
4757834
4802064
5135713
5834952
5969459
6461362
5926335
6803178
6674210
6759628
7227174
8531321
7474831
7447649
8026323
8094499
8874673
9121733
10853096
9333724
10839523
10802662
10385542
11117419
11249399
11935214
12924502
13120358
13187131
12354468
13498260
14570256
14051418
14833692
15086031
14710637
15584094
15438784
16598838
17389018
18072926
17867514
18013169
19110926
20046803
18810535
20990232
21084299
22425695
21870622
20301615
21720031
23304237
23296492
23068750
