6353
14901
21235
29352
38402
64182
77119
91157
117053
236952
165999
141171
170088
220866
234463
241212
307790
1252998
580752
1422567
483614
984641
543178
552691
626551
667034
1158554
1230000
740230
814177
983379
996993
1064904
1033766
1328870
1144256
1365938
1482146
1573636
1650783
1895291
1830602
1726410
1732079
2265765
2017558
2211666
2716417
2434100
2215556
2112832
2412894
2556055
2467901
2491064
2338649
2767496
2534661
3125035
2515029
2947727
4936687
2832218
3373463
3082232
3128534
3151479
3452545
3819922
3964595
4304884
3978907
4326872
4189094
5192458
4414050
4269242
4562127
5655346
5335983
5067381
5059701
5410641
5370330
5345229
5896379
5975106
5873455
5998960
6312011
6197511
6807839
6778625
7044445
7327563
8054551
7348303
8175048
7056282
7299340
