11135
40833
73982
105462
158500
324916
308430
466340
563418
620466
796617
952704
1013580
1295964
1439272
1700191
1740074
1851563
2022112
2469902
2504504
2696292
3935064
3375481
3393411
5266766
3882433
4306807
4613291
5999883
5926656
5842348
6070658
6323638
6718744
7361132
7583847
8941883
9045897
8601983
9376437
9978520
10131042
11264238
11646457
11966734
11964018
13354519
13561960
16338752
13296567
15145406
14602373
15473618
15879326
17053872
18750215
17886420
19159271
19667684
19779394
21806781
20906143
25571560
25322943
25452892
27252378
30500056
26296812
32945680
27875549
29263032
32104649
32499502
31232021
35141234
37690126
34714723
36004266
39314375
38120988
41951115
39904014
44075948
42321147
47928786
44631652
47246487
50121760
50084120
51539318
55964104
54219213
55362517
53616906
57387274
59208287
56289831
54922308
56951922
