21771
35817
44657
93361
105083
168684
215764
249488
307461
354106
428842
540857
779614
764625
785474
833708
971847
1111845
1496530
1289224
1446090
1502159
1648855
1775991
1919751
2118690
2420893
2495693
2639743
2752802
3139883
3460308
3367867
3543669
3752890
3892994
4163137
4335463
5004644
4916341
5468983
5370712
5658269
6185282
6034753
6365054
6550975
6812224
7552818
7325256
7721977
7906272
8305771
8845390
8869145
9241488
9595313
9876466
10587483
11268747
10919228
11281925
11699759
12474884
14417930
14969586
15315393
15951486
14647462
14355343
14900329
15285373
15411411
16030377
16597508
17966256
17588526
18742893
18277905
18547457
19113669
20193984
20897517
20868009
21784360
22042888
22984857
22959234
23770272
23933219
24411078
25611527
26795771
26536834
27813403
27727150
28138870
29291442
29785782
29735335
