6654
14179
24367
28137
35086
43703
51611
67645
74429
87945
108574
114539
128255
144435
145742
189068
175537
206142
579243
192173
207093
220818
215966
256152
445648
276889
269252
399676
283726
360796
336902
500783
457908
379424
354346
386423
410979
376381
391705
411225
486171
453186
427844
445962
456225
472273
483944
499780
521894
531023
526332
560635
561212
554024
594914
582088
593329
598504
644700
646075
681317
706592
658743
720954
677336
718470
712124
737552
750185
774153
766180
796451
798687
812263
808483
846983
825227
851198
849217
905294
870981
990969
1006653
1165257
989762
923761
969681
959574
971127
966343
1021245
1021115
1025580
1050715
1045359
1115006
1206908
1097261
1331701
1319279
