64051
171882
316815
389240
511051
676919
764987
880429
1118813
1218416
1320271
1449923
1626739
1834873
2153164
2108911
2193031
2350823
2573142
2813797
3012161
3027896
3249164
3347329
3471720
3755028
4013728
4141888
4235179
4458779
4660554
5000783
5253597
5496246
5803515
5870169
7027847
6353537
6580474
6658785
9837972
7049498
7294617
7399254
7602722
7820442
8039605
8286122
8581406
8815020
9148611
9094055
9465892
10495609
10016894
10248484
10565906
10762407
10940718
10966498
11459338
11500987
12416721
11926905
12444135
12927651
12966340
12590245
13155952
13377441
14211856
13839554
13903079
14078623
14952374
14844660
14556611
16495332
15408146
15659811
16040060
16236183
16403511
17823458
17814957
17140431
17010345
17771640
17862968
18816273
20179640
18695351
18913537
18875463
19212120
19520032
19695363
21275435
20989729
20438267
