9827
18997
29690
44347
52824
69333
85890
97809
118197
165333
165911
178526
195262
198696
226526
405960
308653
328953
286171
322492
324694
444329
384421
485785
379076
554961
519380
438019
431638
459045
474900
497100
526604
536568
535932
517826
569610
559717
577500
585706
575165
650694
669663
689512
690516
699208
710997
730609
744311
763503
785232
795180
806324
989767
885054
915303
996655
1001437
970974
953283
987565
1033214
1033448
1081675
1025082
1043426
1056292
1167840
1196933
1198658
1221012
1257196
1246946
1260255
1280385
1290009
1419926
1322324
1332396
1395646
1479759
1597938
1454367
1513889
1504923
1559365
1492001
1525916
1573617
1584804
1680200
1766687
1649845
1595963
1638383
1829869
2196097
1677227
1845868
1806563
