432
1275
2219
3230
5050
6719
8116
10673
13169
16208
18923
19754
24671
27530
29634
34051
38785
40673
46264
51255
52010
57900
62772
70211
71996
77122
82284
91391
94403
104119
109088
113189
121154
128538
134300
148486
143321
150708
157742
170358
175577
188060
193531
198284
212992
220741
228042
236658
245425
255164
263062
277545
287193
300498
315871
319577
331228
335344
354005
360550
377952
385229
406230
394285
409861
414784
436030
455975
458530
476125
491121
497058
527258
529873
545763
554959
564800
599594
596636
600531
629299
650656
664148
672643
691272
712288
714358
737669
748040
777559
785405
803801
814544
842845
857254
874778
874067
910771
935305
936300
937822
975907
987630
1021656
1031079
1049554
1058110
1086670
1106817
1144170
1149611
1140447
1167195
1170447
1214636
1233976
1265418
1264163
1313648
1300267
1337632
1364790
1371878
1416001
1420131
1456842
1480423
1477677
1508007
1533474
1573999
1590732
1628273
1598743
1637058
1675460
1678429
1729942
1741100
1749671
1778389
1813123
1843212
1875327
1905243
1906789
1959555
1984809
1993632
2040112
2056448
2072906
2094569
2122304
2137732
2180537
2211610
2257146
2279856
2291207
2338398
2361762
2378736
2437186
2439013
2461578
2506157
2548802
2516695
2570161
2602772
2640187
2668669
2670281
2719417
2769287
2765732
2819353
2819426
2875130
2929581
2946064
3005558
3031404
3038063
3079459
3091299
3114929
3179147
3209197
3247260
3277778
3319998
3375069
3325904
3379656
3375449
3440443
3490397
3513860
