587
2041
3720
7660
10385
14789
17330
29351
31979
39795
42003
59055
60703
72728
76086
112738
101436
124813
117812
162195
147115
174626
166123
242691
222384
244462
243367
307381
276471
317428
301972
443571
374184
425825
389484
511903
435840
507430
463082
663505
603050
618956
589608
736162
660031
715835
668958
959220
799207
906627
800561
1016922
885242
1014723
887090
1266891
1121659
1181798
1124860
1351943
1183925
1300671
1211784
1746608
1382634
1544270
1376117
1767881
1474639
1673994
1480829
2078305
1844160
1878847
1754534
2169421
1910835
2041666
1869515
2676749
2155333
2433587
2082112
2628138
2219850
2520746
2194798
3075114
2661386
2788263
2592746
3120595
2712112
2963069
2719878
3878540
3049123
3369039
2980544
3811722
3151607
3508350
3112987
4284980
3762942
3870783
3521164
4350886
3724418
4031288
3610566
5128940
4183298
4640747
3969144
5049700
4209606
4789057
4097623
5640479
4917655
5105255
4800443
5665432
4829906
5318144
4795763
6879368
5341459
5870071
5176741
6562080
5364390
6086153
5230663
7335700
6391664
6432203
5959109
7256994
6263639
6580603
5986600
8515656
6808468
7619151
6445629
8133710
6875967
7584846
6533798
9074280
7808494
8171276
7487410
8922518
7601457
8271411
7610266
10637706
8332130
9101390
7960369
10212087
8291092
9161913
8028987
11158921
9855586
9740630
8820820
10905293
9305992
9866136
8959659
12634418
10098743
11119616
9448566
12041024
9982142
11319481
9639308
13248258
11436995
11694322
10930809
12964336
10946005
11927297
10785298
15446933
11948016
12952271
11444548
14426064
11715426
13074172
11392111
15819353
