263
784
1363
1803
2302
3126
3882
4339
5370
6355
7332
7369
8215
10638
10562
10107
11126
12360
13162
14482
17957
18076
17753
17250
19377
20297
20911
22111
23688
24332
26078
36671
30362
31980
34452
30096
54755
34274
34540
35278
37978
37434
38557
40034
41895
49056
46057
60581
51615
51584
54047
53838
54523
52463
54575
58820
58555
59433
59404
61553
64893
70267
66018
69084
70817
69622
71284
77814
82726
78055
92964
103807
89836
95419
90807
92631
98696
97141
99489
104473
91733
90921
95937
102821
102311
104483
102651
109922
106108
106436
115993
113277
126353
122423
116412
123006
119262
128047
123250
126760
130020
135973
150119
145207
141242
153643
149637
184380
153079
160536
171175
162313
167463
164651
190325
170857
176804
182391
182794
189182
170233
161431
161665
174320
232916
180923
187258
184265
189189
182080
193457
195672
193327
233577
192697
198278
211558
204641
226084
207242
220132
212224
212116
231000
218238
230173
232886
230641
226355
229272
244752
240927
251532
256328
359267
266118
264502
268312
277670
304270
303787
340225
277918
268198
294953
300664
289860
298934
292825
308000
297215
312211
309860
304128
328245
297075
333339
320268
301594
350978
320479
319490
302524
321157
328746
321839
400000
360474
333482
325196
353839
339075
348373
371939
336683
361292
366348
364534
369541
382641
