212
530
883
1309
1718
2120
2565
3011
3451
3913
4403
4879
5418
5817
6355
6963
7402
7801
8456
9057
9489
10046
10588
11231
11816
12191
12775
13087
13910
14548
15239
15640
16082
16523
17018
17972
18386
18956
19832
20300
20846
21318
22033
22223
23363
23734
24414
24902
25824
26238
26678
27232
27727
28450
28808
29676
30467
30957
31645
32306
33805
33705
34227
34564
35303
35946
36521
37134
37522
38417
39340
39819
40534
40905
41620
42846
42837
43652
44370
44667
45051
46135
46362
47462
47916
48018
49323
49795
50825
51248
52102
53065
53013
54176
55245
55933
55850
56497
57081
57753
58202
59080
59803
60016
61464
62441
61616
62765
63976
64142
65537
65787
66161
67212
68385
68328
69168
70121
71277
72035
71624
72589
73132
73562
74502
74973
75614
76510
76942
77387
78273
79313
79659
79800
80763
82032
82944
83537
84118
84528
85702
86353
87109
87423
87818
88361
89806
91291
93174
93038
92187
93882
94079
94377
94527
96100
96744
96878
97822
98626
99197
99360
99963
101065
101854
102692
102027
103030
104536
105670
106214
106552
107624
108614
108951
109534
110068
111236
112665
112563
113420
113523
114463
115236
117381
117929
118027
118033
118380
120689
120468
121000
121671
121948
123396
123794
124605
124616
125502
126684
