381
1023
1466
2563
2956
3728
4510
6688
8535
7270
8400
9568
11997
10962
11837
16776
14959
19984
16499
18506
21033
20467
20479
24044
24573
28541
27825
27500
28144
29612
45670
44508
35414
36681
36826
50717
39170
40326
41664
45527
102140
51140
48722
50482
50465
50875
53016
62077
56948
62054
57837
68628
63540
66372
60764
70007
72821
68271
77312
70862
72553
105059
85594
118890
82571
86971
91727
89734
84906
88421
88589
120001
105911
97024
94258
98726
118485
100629
99745
118988
107867
231591
132078
121760
115211
119213
116157
125528
121768
124742
126096
125656
138898
126854
131451
157518
131672
140872
134418
148212
137590
141076
189873
167695
180648
151374
151312
160654
156565
148782
152788
179477
197803
171560
161238
172163
165768
187376
166747
179604
179496
180583
440298
242898
215418
201365
200650
319498
201931
198805
204272
214651
200034
220448
205914
222807
222383
204202
216674
213043
229618
213812
215752
290024
246916
255008
227943
231190
234023
233240
220383
245122
245728
275825
254826
240853
248072
243025
264084
297378
252364
260066
258416
540732
343202
308353
287127
302575
364555
273459
281073
282769
286764
276044
294250
312551
294072
306471
280408
296275
290204
305080
286722
322916
372694
331416
331650
312818
311897
319318
303017
412840
317491
320094
358071
348602
317789
320462
314632
359136
