336
856
1429
2131
2923
3617
4361
5257
6224
7043
7762
8803
9835
10788
11687
12945
14187
15156
16162
17520
18372
19437
20045
21426
22254
23637
24739
25994
26913
29224
29990
31585
32707
33997
34886
36716
37685
39277
40879
41648
42382
44462
44480
46482
47421
49106
50652
51068
52825
55189
57016
57457
58909
60660
61750
62994
65100
67434
68674
69998
70815
73039
73188
76224
76084
78176
78809
83300
84008
86983
87528
87203
89342
90471
92929
94375
96367
99509
99014
101924
102357
101448
105303
104808
106349
108481
112600
110972
113045
118306
119261
117919
122831
122594
125035
126953
129263
128346
127879
131864
