300
766
1355
2010
2695
3548
4245
5066
6130
6785
7880
9006
9990
10978
11953
12975
14130
15441
16449
17864
18771
20579
21169
22631
24016
25441
26941
28330
28516
30436
31445
33080
34637
34885
37753
38429
40163
41764
43491
44832
45110
46855
48723
50906
52506
54196
54433
56915
58076
59363
59904
62558
63785
68185
67564
68413
70601
70768
73795
75880
76656
78360
81857
83134
86104
86093
88149
89946
90398
93681
92898
95626
99229
99053
99202
105050
104865
105767
108398
112205
113514
114981
116588
117010
119246
120836
124295
124384
128013
131753
132236
134435
135777
137221
141155
138578
146700
141589
144967
146533
